273626322.244611322879791
288184970.181600034236908
100762516.603655233979225
321312187.121907651424408
464445852.221303939819336
414944624.265941381454468
487769050.858204066753387
533404908.881386995315552
11288437.708875345066190
263511968.857122063636780
213506899.915282785892487
523267037.564062118530273
312215889.580825984477997
451818178.996286749839783
254498136.286654591560364
236208563.135933935642242
58396540.966996759176254
132550675.262390494346619
310883073.816580176353455
205394971.765396177768707
319813404.639943420886993
150765572.805854201316833
266733311.194384336471558
12526092.123631048947573
70273481.595816597342491
234705705.522852152585983
307616137.959713637828827
407748956.348758876323700
170019362.071095675230026
526805194.952368557453156
119038555.549874320626259
415771044.639016211032867
213665467.405836462974548
336594153.587523043155670
465313670.785704791545868
226135643.510300695896149
88586897.634256809949875
518967707.423795700073242
524200786.003396034240723
96471045.981900826096535
270660948.278179824352264
341383737.110312104225159
15407670.841667337343097
124367289.778433158993721
534958005.054116606712341
73073619.270513325929642
340444419.069104254245758
294560745.120861947536469
500295472.060936212539673
4916603.947357324883342
99402200.561304330825806
140123483.022289186716080
71082551.523812860250473
6438395.024202293716371
116843165.993511602282524
116015781.376421615481377
434086192.510856151580811
428910288.509584963321686
132790388.445804595947266
98049984.265286490321159
130708239.268819883465767
248003130.853912085294724
123097355.445329323410988
488391632.562864780426025
99976951.433159142732620
515260147.102906465530396
187489571.967880129814148
387368249.690024673938751
240732997.071280479431152
316984549.268901944160461
496716085.970330059528351
208209365.586483567953110
353528936.882057189941406
306554318.083709597587585
116655408.634086638689041
80325895.577783018350601
38856993.884795919060707
181645393.990830659866333
334021990.406469166278839
248476265.586390703916550
89603439.563917636871338
96507181.584091842174530
345378219.314492821693420
535665134.773490786552429
340811164.488343417644501
406816467.700565338134766
211908190.687716305255890
157716793.189859569072723
178403663.633117407560349
514885541.397635340690613
332004501.622565269470215
5551808.170110579580069
386669551.407113432884216
532815845.087486445903778
320363316.964636743068695
80948660.153210982680321
471286699.363174378871918
150188856.060352087020874
124460361.011419281363487
329034311.563440382480621
